2582.269043
509.769226
2185.087891
58.682060
874.392334
494.033661
2895.036377
564.044739
1443.399780
467.245575
391.711670
3596.128174
785.724854
1846.556763
3020.803955
2205.503418
1065.713867
2295.188232
1887.433838
1776.898804
3501.990234
1053.060425
2776.887695
1896.281860
2771.689941
1440.822998
3209.506104
1019.933044
1268.850098
2907.808350
3308.495361
251.119003
3417.577393
1893.583374
309.801056
691.969849
2387.616943
3204.837402
1256.014526
231.016754
72.082970
1647.726318
227.145020
857.807861
3494.282715
3247.949219
3063.311279
959.996704
1943.137207
1350.745117
2736.895508
1845.127441
2403.805664
1913.783203
141.409241
1575.495361
3354.606201
3350.915283
2595.428467
1023.456299
2658.723633
2303.923828
1274.575195
2476.301025
597.507019
1584.376221
3168.270752
2985.124023
1189.213745
824.285400
3216.140625
1261.296631
2472.011475
3443.285645
2119.104492
2366.294678
3091.234619
1582.415649
3326.291260
1434.371948
2933.160889
2463.186768
3279.499512
1736.966431
776.969849
3420.908447
3312.461670
531.576050
3171.823730
2307.890137
1555.032349
2230.547363
1011.813904
2829.607666
1106.848267
1609.320923
813.983887
675.119202
994.444885
2003.197510
